0 1.5252443126587805
1 1.4673930202375496
2 0.9567908484020267
3 1.0419318707115441
4 0.9520945414680757
5 0.906132410363476
6 0.9722630322974857
7 1.0787321177965046
8 0.8939619755870649
9 0.8746518582056159
10 0.90640689937358
11 0.9493884285070049
12 0.889817856425833
13 0.9506766013811594
14 0.9151679001279607
15 0.9814240197145447
16 0.9535608364462123
17 1.1149022549628271
18 1.162223410991868
19 0.9094332917734003
20 1.0838077388643308
21 0.9924523746454381
22 1.009862627552431
23 0.9832073645271995
24 0.9791097092996861
25 0.9850273884829639
26 0.9256241278862734
27 0.968876398773417
28 0.9156020000309886
29 0.9382967386564436
30 0.9353986742111866
31 0.9005893426251061
32 0.8838937697758114
33 0.8371509668420068
34 0.8635332016866036
35 0.8742295910755686
36 0.8678249529781981
37 0.8613220316169232
38 0.8458726103947465
39 0.8479949318233355
40 0.8537431026134223
41 0.8273949963454251
42 0.8260478089540305
43 0.8251466937129421
44 0.8025939081656517
45 0.7190756250877215
46 0.7845950039244931
47 0.739802937072265
48 0.6268634610233235
49 0.5126727089520661
50 0.44497796621720365
51 0.4159570379466474
52 0.5470672348427912
53 0.5140446439896796
54 0.5799003231373154
55 0.4873040917124818
56 0.47760821846397283
57 0.4416854753183971
58 0.41969410353447
59 0.3897100615632198
60 0.38099629184063727
61 0.3772845455340361
62 0.27708315677044015
63 0.29902178123068124
64 0.29062964888330145
65 0.2898173319550631
66 0.29301214666708475
67 0.34978285112939556
68 0.2887655871363657
69 0.29333324547051765
70 0.2824235897961652
71 0.28185667643285195
72 0.28694389253590796
73 0.30243118718090817
74 0.30367815896277517
75 0.2804094647626426
76 0.29830267989494197
77 0.31788358699938346
78 0.3283487838948918
79 0.3120898455523392
80 0.30980435439029097
81 0.292287891947523
82 0.291740150334898
83 0.462331432005126
84 0.47016332788490567
85 0.48212091154441905
86 0.48271760006902087
87 0.4905324910886314
88 0.3489561266896345
89 0.3305988869598965
90 0.4628237856761187
91 0.46802790802814187
92 0.4608873342719258
93 0.43352981007288194
94 0.4377219919850449
95 0.4098678496073704
96 0.39827060189806934
97 0.4063577588717612
98 0.3925397654961085
99 0.44535696972875355
100 0.2952349266375677
101 0.29427609308301916
102 0.30334749469024724
103 0.3042887162241644
104 0.2808073053556699
105 0.28233462032381407
106 0.3489524468317381
107 0.35320154540532334
108 0.3854061198981171
109 0.37772420641494364
110 0.450662006572622
111 0.37621165187541494
112 0.3373126524434974
113 0.36584088138837423
114 0.32528176786858876
115 0.3513530247919121
116 0.3473929265605291
117 0.35494855636087874
118 0.36112848643146356
119 0.3664305145971434
120 0.36024526062852685
121 0.36543454924980934
122 0.36999351631243094
123 0.3364580897525421
124 0.459531112071364
125 0.4795075979523752
126 0.44698334537385176
127 0.4124917624325265
128 0.41065058404874166
129 0.4065229636153994
130 0.4050413323494436
131 0.4708097331713471
132 0.43348341224067644
133 0.3772189153864875
134 0.37819008703739976
135 0.27088177335196073
136 0.3308358665155312
137 0.30117618955292236
138 0.31295850624230215
139 0.3534929792442052
140 0.3539971037560716
141 0.4493818910818848
142 0.43505753660884067
143 0.4479716084547435
144 0.41287590771476024
145 0.406346521118611
146 0.2858518790047758
147 0.27935611993839404
148 0.27826274448834254
149 0.284281144483706
150 0.28357871998309503
151 0.37296897594449274
152 0.3689779575774402
153 0.38281020174861136
154 0.36958366600604575
155 0.4074371901071263
156 0.38047702737952355
157 0.36666143210120744
158 0.3615232573219271
159 0.3725330615100236
160 0.43319936059218034
161 0.4558203168378956
162 0.43992152825655745
163 0.4304883085609204
164 0.42667872427480485
165 0.42488385250687216
166 0.40398863777147936
167 0.3875573037068871
168 0.390682169389888
169 0.2758643204672352
170 0.2828948748559035
171 0.27905932995066085
172 0.28109748947706714
173 0.2860783959114452
174 0.323681987118816
175 0.2657364127290657
176 0.2730269261620596
177 0.27695821189189207
178 0.26398766485325353
179 0.269454758906181
180 0.26720544512140787
181 0.30258442827391374
182 0.29730015128652426
183 0.2854420794134187
184 0.27776411232028225
185 0.26241318780847195
186 0.263197169206363
187 0.2664575355584803
188 0.2753496467790645
189 0.2601350497679246
190 0.26364778367658603
191 0.2622620835176828
192 0.25740022701099596
193 0.2511242306698642
194 0.25242974824240483
195 0.25895173978963293
196 0.26171487943840965
197 0.2598453969381933
198 0.26792112216877273
199 0.26580434487552296
200 0.2673105897801952
201 0.2667183029863948
202 0.26906156929733094
203 0.2605136365877927
204 0.2603447288976533
205 0.25999123880496056
206 0.2601060837481646
207 0.26040072988304536
208 0.2607606146323247
209 0.2632647306477727
210 0.2866093325267651
211 0.290487786076548
212 0.29185822304793346
213 0.28715967897396566
214 0.2861916327779841
215 0.39466681302081075
216 0.39284030299787565
217 0.3809136994913377
218 0.3732745073297743
219 0.342766621145948
220 0.3429498792926271
221 0.38073966721822805
222 0.3491082024308805
223 0.2557330121495098
224 0.3272776002243336
225 0.32503324953849577
226 0.2443936548049161
227 0.24168696615048446
228 0.3173618587357781
229 0.3191827796315504
230 0.3169848885818187
231 0.3443207533875827
232 0.34489326614710547
233 0.34145663275061167
234 0.3419867809106433
235 0.34214566274272157
236 0.3376232385363947
237 0.33419438514140487
238 0.32802523189685306
239 0.3268727369224125
240 0.3274502349512173
241 0.2356841818158606
242 0.23882618299145197
243 0.19930302519520549
244 0.21499554549105887
245 0.21585166212921642
246 0.22041502344119118
247 0.22445099793868645
248 0.1441552991640061
249 0.1849889330388854
250 0.19796249396547905
251 0.26293348505079794
252 0.2659307407445777
253 0.26826024698436357
254 0.26859666013673844
255 0.29951301408228825
256 0.31706580303807075
257 0.3297380563992657
258 0.3282808679540723
259 0.29056901605432006
260 0.2915456979177919
261 0.28979812855218867
262 0.2896704800898179
263 0.27821109162200774
264 0.28080077246433854
265 0.31313912209413686
266 0.31351645346040624
267 0.2950641554481599
268 0.2958510610418018
269 0.2967032844598237
270 0.2922042594304116
271 0.2918928250583005
272 0.2919048699144229
273 0.2932671937567739
274 0.32143130438144907
275 0.1839260134442522
276 0.07691810935035034
277 0.223185990141966
278 0.09323343030850219
279 0.12372499207809112
280 0.10878450372303987
281 0.19049611008999212
282 0.19772772849229459
283 0.2246237910474124
284 0.20526533609066785
285 0.225245129055465
286 0.22032176886197583
287 0.23091827559805134
288 0.07814248910146958
289 0.07991918432314234
290 0.10167477991696346
291 0.10325074842120542
292 0.22204491714484265
293 0.23208221613648666
294 0.24032569458961425
295 0.24748478667451224
296 0.0956598942911775
297 0.07807425366968772
298 0.07777472455056068
299 0.08016206897214187
300 0.09132007646335524
301 0.11664041846682399
302 0.22424003630083778
303 0.22993787623958978
304 0.23491291711198187
305 0.10000306522765123
306 0.10752879017851184
307 0.11750395334497597
308 0.12604546432582792
309 0.21707453447064878
310 0.2201419306199287
311 0.21789022665604912
312 0.17625620128987193
313 0.17934879697676126
314 0.18133150030674322
315 0.18430642724782947
316 0.053759594822698174
317 0.03237165618039173
318 0.03132572016569414
319 0.03835475573004335
320 0.15143684922634107
321 0.1419783038548946
322 0.13757541157867972
323 0.14793898557505503
324 0.1543273518162552
325 0.15733157020024896
326 0.16022659282424465
327 0.1657451930791317
328 0.16179623088401468
329 0.15729841577595827
330 0.18386894650033478
331 0.18928843967941492
332 0.16019481973870187
333 0.15419917226795793
334 0.15636666026040208
335 0.15318181745909296
336 0.15127944239288194
337 0.15103906095129171
338 0.1506853277110152
339 0.1447766174719384
340 0.1462941664206797
341 0.1710317566987109
342 0.16658486793957536
343 0.16466715164363038
344 0.1597587235485915
345 0.15899496535298374
346 0.18076969001514448
347 0.18974188413398896
348 0.19476502427538145
349 0.2105519432289667
350 0.20161538583759211
351 0.1997996874173206
352 0.040565897686582406
353 0.028887568649637322
354 0.036364199446390535
355 0.1355934095097855
356 0.13042389212096872
357 0.1305868325301347
358 0.13551853164891792
359 0.13497942555601936
360 0.1586381279905389
361 0.17700902521343415
362 0.19211090163913946
363 0.19229666582180482
364 0.038977595512122716
365 0.0484832879302074
366 0.05210608189398026
367 0.05568107539270548
368 0.0460668779192668
369 0.04108351721246142
370 0.022954112025556656
371 0.02412075446383426
372 0.026566324816520263
373 0.02571920517105445
374 0.11372132093402947
375 0.1144254065020574
376 0.11685803436610026
377 0.12255666685391224
378 0.030974728138706487
379 0.03525668414719698
380 0.03542817599806108
381 0.030437527999387325
382 0.029707742318668594
383 0.033819745547972395
384 0.037602887132370644
385 0.03700844861102453
386 0.03346675700386861
387 0.031876559077139814
388 0.03534087636565593
389 0.03854144978838284
390 0.03846207680217366
391 0.02878752942248556
392 0.027125254075076394
393 0.026505855117696715
394 0.028712220939507517
395 0.02901951090909645
396 0.029567313056342845
397 0.03220758803867576
398 0.03307960904577148
399 0.032393731635557366
400 0.03484744439238777
401 0.034181077195805876
402 0.03443784349366686
403 0.03642159522881444
404 0.042333804143652384
405 0.0375965442682719
406 0.03824081507175093
407 0.04029266438055036
408 0.039373951324744576
409 0.03966663730063873
410 0.03990312014706802
411 0.04026953629579853
412 0.04229439345448621
413 0.0429145446457463
414 0.04436625760410815
415 0.09962271360002611
416 0.10081674817257397
417 0.020342833964206913
418 0.022027821200624204
419 0.019468311820700197
420 0.018573262398050197
421 0.019271419640553396
422 0.019972639652182243
423 0.027700793569868886
424 0.02062730906049289
425 0.09798248819977193
426 0.09906475597656292
427 0.1001118709867472
428 0.09635540040892782
429 0.0934657037244112
430 0.09186755893700416
431 0.023631845214374392
432 0.02361346930365241
433 0.01909280088586782
434 0.02014615293505527
435 0.01985486631735136
436 0.01839304998992007
437 0.018515669698714227
438 0.015803768151925517
439 0.07893479270584403
440 0.07658014724008878
441 0.07667778922452526
442 0.07503896691625545
443 0.07513203883731571
444 0.01648643405477426
445 0.01816374268950308
446 0.018616261384643736
447 0.019114902562612734
448 0.018556610428237766
449 0.01848580093938361
450 0.017739239889238076
451 0.014535777434876801
452 0.015485861135069955
453 0.01595610861906229
454 0.015378113964455153
455 0.015859158656107594
456 0.015465171070574314
457 0.01590892464092879
458 0.01705624929969886
459 0.017622424847662452
460 0.014915821200981085
461 0.01527287832143816
462 0.01431904514344026
463 0.014720582334141183
464 0.013363992851323479
465 0.012727164097485791
466 0.012257917992983609
467 0.07123371427368042
468 0.071508415665733
469 0.06838263130924403
470 0.06822062362681043
471 0.06814347314617787
472 0.06842346180834659
473 0.0669147424943231
474 0.08249985379560372
475 0.0954998150392952
476 0.09439331019606462
477 0.01399646834432209
478 0.014475457866062904
479 0.057773320858335545
480 0.05745835397799229
481 0.01547718431739949
482 0.015974108707061934
483 0.015941134029270915
484 0.01613215300868451
485 0.04874219612044891
486 0.05014145028762121
487 0.04902245335263476
488 0.017242550307119617
489 0.016610430392500545
490 0.01707897044245249
491 0.01881096309261495
492 0.019014225705100092
493 0.019475503699762423
494 0.019930676780599385
495 0.019614592022428524
496 0.04506848300567261
497 0.04547766703211771
498 0.0415526066043226
499 0.04285134261422777
500 0.0432301483532809
501 0.04295549943902108
502 0.04197877238769884
503 0.04190038870373669
504 0.041472623761799554
505 0.05625635246214285
506 0.054201611082825826
507 0.01590315990098738
508 0.016381393372244025
509 0.01777258347787337
510 0.018280077114737937
511 0.015181361752180308
512 0.013857030295651815
513 0.014184178966763307
514 0.014532410104629783
515 0.013827679645176293
516 0.013070128189055568
517 0.012619022124620686
518 0.012334304028488436
519 0.012024215325694495
520 0.048003511044842496
521 0.046257988128746125
522 0.04658830545168707
523 0.04619131541995658
524 0.016726082367742433
525 0.0374001732026906
526 0.03719732718892109
527 0.03689538310556642
528 0.049003895528920274
529 0.048656717650585504
530 0.01633839404312184
531 0.01638826252636471
532 0.03455286264691286
533 0.0344670981762884
534 0.01685328460072189
535 0.014601564670343938
536 0.015005850291872621
537 0.01258075253929726
538 0.012113864241563617
539 0.010987135267552134
540 0.010368518120862367
541 0.010762299583958405
542 0.01115298633681003
543 0.011540973716200994
544 0.011574291870600856
545 0.011708291176554895
546 0.01130443257677495
547 0.01169171240929366
548 0.013121427811594998
549 0.012069515986575175
550 0.01192268022513647
551 0.012314391078555774
552 0.03325994912279606
553 0.030424775343247272
554 0.02907554582375532
555 0.028231817216076743
556 0.02938731976766146
557 0.029142035390075368
558 0.030247535691462487
559 0.013465141953215881
560 0.013742917702889892
561 0.014042675447417767
562 0.013527997682965434
563 0.013431736004659342
564 0.013699193273500925
565 0.013274232621514805
566 0.010861844969840537
567 0.009714752870991102
568 0.009664434753501566
569 0.009935919878022158
570 0.02777657454192818
571 0.02671164825804951
572 0.013044300634679564
573 0.013243451834262086
574 0.013024621253790853
575 0.012929769023117633
576 0.01268398405802219
577 0.01296891514128211
578 0.014153580661061812
579 0.026644767159921312
580 0.02665403631161016
581 0.026092849133655123
582 0.02616981119769481
583 0.026217334681866072
584 0.035545067213720506
585 0.03567402176058587
586 0.03507897653895896
587 0.03490689122484106
588 0.03587460404585855
589 0.03476985841227149
590 0.033789220479356424
591 0.03381308688034964
592 0.04212789069929663
593 0.04297042061055782
594 0.0438008789606017
595 0.05107694278270668
596 0.05117449852206028
597 0.05194712695288112
598 0.05155643609826686
599 0.058201718346378786
600 0.05459111752152908
601 0.01433850496988616
602 0.012119195726102892
603 0.011259661339168557
604 0.011034347540556474
605 0.010644766961300033
606 0.010809149701764335
607 0.010990763634781254
608 0.012090586986127735
609 0.01225005712810205
610 0.02449937720812466
611 0.02545916973835337
612 0.026389634379956513
613 0.02642318806848193
614 0.02732723076647464
615 0.014169737864048152
616 0.014335487117237953
617 0.013783621200838786
618 0.013529646955698818
619 0.01340744317853404
620 0.014394550916609405
621 0.0247730130397755
622 0.024091395953841216
623 0.024938397084599887
624 0.025136257379807136
625 0.013671618578193354
626 0.011208175022478182
627 0.012120148196718266
628 0.011674821323984959
629 0.011821027906857504
630 0.011630937677352514
631 0.009954734274329543
632 0.009047966965383675
633 0.0087596203290266
634 0.008659612311490834
635 0.008971223277420753
636 0.008352552896163249
637 0.00807830940580185
638 0.008229123156372451
639 0.008033527471940848
640 0.007938085373687974
641 0.007478897551084098
642 0.00715877498549602
643 0.007929752858415053
644 0.008128356573910887
645 0.008095033820049582
646 0.008840803731093888
647 0.008846229723247556
648 0.008877863170369728
649 0.009589435845029203
650 0.010273859651009694
651 0.00869208543746645
652 0.009347650009527572
653 0.009388460443087308
654 0.00828944270691476
655 0.00890936996606384
656 0.009021988364829897
657 0.022452989723147153
658 0.022372787191710434
659 0.021548443386402667
660 0.021011829255728743
661 0.020804749358099867
662 0.020435858581002234
663 0.01212157441397196
664 0.012242263113448747
665 0.012021928655191291
666 0.011902465155128598
667 0.011987659168135087
668 0.021340015363478904
669 0.028604866816297793
670 0.03502609457991207
671 0.012687740345898722
672 0.021030547997540373
673 0.02159612739344463
674 0.021426829626984365
675 0.012089231120725668
676 0.009755688381562534
677 0.009857761895683234
678 0.018678028793512567
679 0.018537507674961103
680 0.018746554601085513
681 0.01799209294131021
682 0.018182287030086775
683 0.01817946719823421
684 0.018198680042387998
685 0.017941077538044817
686 0.01769861591901401
687 0.018262552243202328
688 0.018125536263131195
689 0.018152626431977438
690 0.01798499945593547
691 0.017807751936326353
692 0.011345792732758951
693 0.011432535034034541
694 0.011550402027316838
695 0.011318273161353693
696 0.010991801205958926
697 0.009180805340527485
698 0.009294147126299966
699 0.00914557825415269
700 0.009085832117189854
701 0.009610061711355285
702 0.017950309330081408
703 0.017660866567590874
704 0.017724710984397762
705 0.017557900543503275
706 0.011576669134002276
707 0.011649872260098807
708 0.011760569306407846
709 0.01162595242160766
710 0.012120064405340612
711 0.019367287771625732
712 0.01901690909037867
713 0.01878414947142001
714 0.018855497237657788
715 0.018722724912869745
716 0.018652873758854157
717 0.01897733471256792
718 0.019358832862328857
719 0.025437845981640374
720 0.02550043415526525
721 0.030914534900874605
722 0.029970140086026276
723 0.013553552048395262
724 0.013650919462254833
725 0.012771265353947486
726 0.013281439318797482
727 0.01978912846545324
728 0.019299840231674196
729 0.024910702641456416
730 0.025352808218284097
731 0.024559186551072455
732 0.024518378670088714
733 0.02385105000490196
734 0.023857567853826048
735 0.023406539168581188
736 0.012749947866677266
737 0.012826313877587746
738 0.013309765433788368
739 0.013786508531430524
740 0.014256107572904419
741 0.011082107896352765
742 0.01097123038146425
743 0.011086480045598984
744 0.011214070368327615
745 0.011352364696290886
746 0.010351487002842491
747 0.010490444806094727
748 0.010456342913472251
749 0.010475056795387181
750 0.010580784620380332
751 0.010003591942843788
752 0.016823517991193512
753 0.016596676671783245
754 0.01644232758750639
755 0.01128894448795955
756 0.010852992536795116
757 0.010607864403016476
758 0.011035062514482729
759 0.00901191815602547
760 0.009095740574536125
761 0.00952388875190834
762 0.00961516073171452
763 0.016114205022463357
764 0.015891841616815543
765 0.016313063918268544
766 0.016729628539467807
767 0.016858060441248476
768 0.01687073607011054
769 0.016709613975538478
770 0.017125776089313028
771 0.017265214681484033
772 0.017676925395666745
773 0.018082720816602813
774 0.01798390202988454
775 0.01796581095536407
776 0.011254252689040851
777 0.011216917447286508
778 0.011211466656677164
779 0.0109321638106794
780 0.011330101984893037
781 0.01135886645748292
782 0.011139722481233516
783 0.009074098512127845
784 0.009151545956881856
785 0.009004840302321696
786 0.007969813150582747
787 0.01466281089711119
788 0.014471553919885891
789 0.014223629296364362
790 0.010117856659264669
791 0.010143959693226056
792 0.010002220166921696
793 0.010060071629424832
794 0.010146280020260265
795 0.010492593034019044
796 0.010416954785240212
797 0.010768565090396389
798 0.010859790468349407
799 0.010923812511916512
800 0.010604205809835579
801 0.008691784792627414
802 0.008512778344194564
803 0.008622318562956467
804 0.00848946954679354
805 0.008594107265652625
806 0.014591561468970454
807 0.014273122817386996
808 0.019126609338617873
809 0.011070822775641895
810 0.010888225885094496
811 0.008733592759657047
812 0.007644917990700926
813 0.00698107319410368
814 0.007093816601015886
815 0.006650109730693079
816 0.006750881939229967
817 0.00666240399471372
818 0.006439320468264207
819 0.006803043902466568
820 0.00690857395071409
821 0.012954528295181842
822 0.013321947945635675
823 0.013183768467320115
824 0.01310175581909475
825 0.01309157457365903
826 0.013022801960707134
827 0.013385911554835029
828 0.01309073006899726
829 0.013100594700000613
830 0.01297043525826358
831 0.012865497889102816
832 0.01321515613077617
833 0.009333686385155231
834 0.009201264276617363
835 0.009555535417870438
836 0.007895809104765655
837 0.013099907200618568
838 0.01300814117087263
839 0.013012412947386035
840 0.017332008849293222
841 0.021272430304674537
842 0.02136636631003548
843 0.02169071521748346
844 0.020777069307313233
845 0.020200731030134377
846 0.02051383142563629
847 0.020824314916188955
848 0.02091368591200255
849 0.020858746488679577
850 0.020382089684911738
851 0.02035763654446133
852 0.02412593312739876
853 0.01139230507856728
854 0.011486675227823716
855 0.009019636821040983
856 0.008875595039773856
857 0.00889330477916954
858 0.013495141804703029
859 0.013515506596617315
860 0.013228181888261196
861 0.009512542586593366
862 0.00935532176848511
863 0.009453003898237786
864 0.009555838619982427
865 0.009342398959130025
866 0.00968640396716687
867 0.013972417106878283
868 0.009692004998395658
869 0.008037337779400485
870 0.007131371055880681
871 0.007177870806434426
872 0.007281776923703398
873 0.007324239171682686
874 0.007429125841117464
875 0.007246866039022304
876 0.007346051203195003
877 0.007183796013763373
878 0.007288922382318114
879 0.011834972842070926
880 0.01164729200408986
881 0.011980808223985475
882 0.009152676258816645
883 0.00917336197953745
884 0.009022362319098629
885 0.009045701792277573
886 0.00914665459093129
887 0.007871025910582493
888 0.007899338129120262
889 0.00767041962747661
890 0.008001145914833054
891 0.008096611723362115
892 0.007239746530459416
893 0.007559196025189318
894 0.011856854476551002
895 0.011696703392905957
896 0.011539266159861828
897 0.011632666780705103
898 0.0090174635647007
899 0.009115775216065426
900 0.008816772563944147
901 0.01269362993749443
902 0.012681003192296803
903 0.012466364266391784
904 0.012268525532251422
905 0.009128306139713365
906 0.007765630092611112
907 0.011635522519259218
908 0.011724653887546406
909 0.012033519053161483
910 0.015391060786469818
911 0.018507117715944765
912 0.01084318339754009
913 0.010498384049905368
914 0.010587848942175609
915 0.010305424664880717
916 0.010151281966684488
917 0.010035953008664684
918 0.009916631799410928
919 0.009829487486420995
920 0.009729493711065315
921 0.010026994351440928
922 0.009836931543235136
923 0.013199924889110683
924 0.009143127376301987
925 0.009440479982211708
926 0.012748703736419896
927 0.013037845086853312
928 0.013116169834924273
929 0.01340266973870529
930 0.009323725509961375
931 0.009410740150492331
932 0.009318829768863973
933 0.009602922914429093
934 0.009537857706073578
935 0.009412384604846655
936 0.009334459260646978
937 0.007719004273328757
938 0.007673929490229031
939 0.006794055102219502
940 0.006616570890718191
941 0.006582144600595907
942 0.006565337069308581
943 0.006570064299323888
944 0.006592846992245954
945 0.006629415450887033
946 0.0066768316523600005
947 0.006145587435196243
948 0.0060521279551605635
949 0.006287353705628522
950 0.005833879155379582
951 0.006069025189039871
952 0.006011989087013653
953 0.00606561940572181
954 0.006013213856945377
955 0.005895415288816725
956 0.005944909602536685
957 0.005538699271774024
958 0.005450368432658458
959 0.005693885165069345
960 0.005934324027246082
961 0.0059821223834127055
962 0.006033960385414595
963 0.006101755348537234
964 0.006174163372470217
965 0.006216910175244202
966 0.0062643832404147256
967 0.006337169328737954
968 0.0064043624536324305
969 0.0066401997004182645
970 0.006873277067382376
971 0.010576685170196786
972 0.010647951534992393
973 0.010721919421191087
974 0.010798072621700927
975 0.013846231066942001
976 0.016674706457131167
977 0.010443522238606926
978 0.010522991365558433
979 0.013479178000505488
980 0.013102388941030076
981 0.01587074828840187
982 0.0184851239221554
983 0.01770832617442065
984 0.017772946465560106
985 0.020298001270537956
986 0.011256669779247132
987 0.011332188823527448
988 0.011409283726049041
989 0.01121555003480583
990 0.013984680291322875
991 0.009941038868843803
992 0.010023486798023572
993 0.009909078273028386
994 0.009426131602616976
995 0.009506767298764804
996 0.009150220194162631
997 0.009389983199337803
998 0.009136208893403086
999 0.009031095905663467
1000 0.00896688137208154
1001 0.008958140192651206
1002 0.008870548019869159
1003 0.008882880103637593
1004 0.008718378303033725
1005 0.00859491458748357
1006 0.011417704525159604
1007 0.014025206501713211
1008 0.014079744229047123
1009 0.014137481790571067
1010 0.014197733695099642
1011 0.013823324934028464
1012 0.016303779227697632
1013 0.018668109106804918
1014 0.01872030991455279
1015 0.0189403562506639
1016 0.01915846030286284
1017 0.021416918055733924
1018 0.020656294322363593
1019 0.02285290005639467
1020 0.02289830342846894
1021 0.022670791509707085
1022 0.022719833990625753
1023 0.022770436469539225
1024 0.021601051705640306
1025 0.02376750864639943
1026 0.02358260432261354
1027 0.02567761301317808
1028 0.025875480686681912
1029 0.025923385694138323
1030 0.024966445359340755
1031 0.02383783808566953
1032 0.023022122452413432
1033 0.025139671476041403
1034 0.010614953963090375
1035 0.010840134784672554
1036 0.010835778324229117
1037 0.010614390043728902
1038 0.010461581646547338
1039 0.008027949472479081
1040 0.007905716431975164
1041 0.007868088024271
1042 0.007845706485452126
1043 0.00783629717205014
1044 0.01047747570120911
1045 0.010328960901992484
1046 0.0101379855336588
1047 0.01258149596191659
1048 0.012446350197215952
1049 0.01243623357601539
1050 0.012215233632047724
1051 0.012427608258934453
1052 0.008589711969709857
1053 0.008618566338445894
1054 0.008649592065193447
1055 0.008868091415078756
1056 0.007234928416987363
1057 0.00718057925651846
1058 0.009747473057731295
1059 0.009771319948114403
1060 0.007678333304753281
1061 0.0066124318222771155
1062 0.006652863457823963
1063 0.005999555743166117
1064 0.005555600910924863
1065 0.0055196434236742895
1066 0.005572897175978584
1067 0.005780588090670474
1068 0.005409899113648841
1069 0.005450138956857269
1070 0.005509387289597074
1071 0.005238488809488979
1072 0.005213049150608148
1073 0.005248425262467586
1074 0.00502949880658531
1075 0.004820378283395298
