0.4816456715549372
-0.45046028605474703
-0.8052432556582436
0.8903470143584109
-0.8102606559905663
-0.5650561006950469
0.2528808612754591
-0.6109798764711545
-0.6616965042904925
0.4876592107532641
-0.4915590280359092
-0.6017526509075539
-0.9964380127071727
-0.3945055523419885
0.17520777874265536
-0.18239985502702227
0.3152572042076398
-0.13330937614617722
0.8335085418762362
-0.5663018452547522
0.19923307644618257
0.5004855538096888
-0.4079302374419649
0.9821130324874086
0.3555792293083669
0.08634235699287185
0.45270072639894093
-0.4752152783021003
1.2096248261921088
0.34020631604234325
0.2400425094451782
-0.16941877840139533
0.9077057533142063
0.8255901770908637
-0.43445531498851875
0.48292910809354805
0.9364940959373462
-0.6690490603759623
0.839547415818771
-0.9792392499066598
-0.9087042335430604
0.09501665294477367
-0.8567697920800557
-0.24609564193232708
-0.31389125353657016
0.39067881833094
0.3303438339297049
0.17378456731918512
-0.1966659560628017
0.5333350414578945
0.8113146260607527
-1.2093290002412607
0.9269806535840128
0.052672152953355304
0.3308807017698532
0.9730121432042038
-0.3231631860879451
-0.054188701419251695
0.5858893384837525
0.8377594630042092
-0.30592100479570505
-0.3616354145103022
-0.9575687737397716
0.5409641339594241
-0.5062349442013725
-0.6968960502318436
0.16416193133268175
0.19646444587024353
-0.16817987251787478
-0.9125760741040979
-0.8836917338676615
0.3207335491625763
0.6849076512339856
-0.635005387913519
0.8892643341985773
-0.1215465395243629
-0.034287465893580296
-0.15610226870005528
0.5581332168244673
0.9858743224576239
-0.027359447233812378
0.9483964813169471
0.1622084833895829
-0.5252682104219931
0.645966332544575
0.21392929679044473
0.5227458611402798
-0.16264981707368528
0.8032171358835
-0.10917891071752184
0.9370720016761986
0.7995817161829569
0.5919882889900105
-0.8323207466017851
-0.04086714664115057
-0.5237541664186839
-0.3104937885054944
-0.27620245371479885
-0.9226244652329407
0.9442663808840248
-0.7713199803472024
0.10066972120100845
0.15911833507544498
-0.3384053169262881
-0.3923987828500604
-0.1783826507032326
-0.9312988367441339
0.3726934279650704
0.08108831350564351
-0.3592613102358535
0.7743149139365246
0.7897164546049955
-0.4139497524312892
-0.011408171217557958
-0.6719931724726533
-0.21348350834005736
-0.38418645834364684
-0.9506256874591188
0.29829054142956646
0.3171475827007955
-0.6733915771845861
-0.45368586274801026
-0.9401085775368416
0.8622165779321159
-1.2637254373568043
0.22090972210573612
0.8555767423254144
-0.9732715987428583
-0.29440555766357185
-0.10869482803172122
-0.17705873388281124
-0.7678024694332282
-0.8772537652393573
0.17310334703960972
-0.014211855876004865
-0.9058869157710208
0.5441082988767434
-0.43832658711146466
0.7574051296739632
-0.9423182137248114
-0.44837980012701045
0.4863770721949363
-0.6204061166909958
0.4118270366671618
0.46945284891070527
-0.46383531574814724
0.002426907938138306
-1.390487434576832
0.7777136809293888
-0.45168077961238606
-0.610076754735392
0.12788597804001553
0.19219241314314373
-0.022099084005053893
-0.1775369263219296
0.6066125551500509
0.4386810523730611
0.9836633108528251
0.13759322037568905
-0.019447887187408894
0.9240241851528113
-0.8649373383926485
-0.30481601228556887
0.37984880545294675
0.5485069414943899
0.2929340333033985
-0.6194947435186209
0.913535675255257
-0.19461514130494625
-0.33645962493041226
0.04496055874089597
0.44410259739716357
0.18561758967176614
-0.3757281667066583
0.8534170442656308
-0.3721632833537344
-0.5007691836185043
-0.5968195584051105
0.11316198251568543
-0.6077648044319538
0.8483156193552532
0.3969353594579095
0.6834689635738416
0.6338786947061599
0.6172785976086638
0.7752408001559812
0.7496088460396835
0.7132416699420815
1.0151191088886058
-0.19118293220001092
-0.027176666123163367
0.16436263070260568
0.4621545572433149
0.7234474874131468
-0.9845046297793385
-0.7151657267868776
0.8866114744944851
0.3598556619103148
-0.21037888050994774
-0.25780930646429717
0.15617061366201393
-0.5138127355559691
1.0032777952359406
0.7578477431547896
-0.0038790413617888256
0.9147229851970946
-0.8820058804155158
0.38508748161759676
0.6911932489077731
-0.2870807844121291
-0.45898852748263796
0.07601870969096625
-0.6918376465384086
-0.7268467163863277
0.7935903684730166
0.24245714869992666
0.34949136275593
0.37998966095579534
-0.8384395667177842
-0.29166822160123373
0.5884641369143222
-0.9977478601138924
-0.0039456844230451975
0.49207368172029964
0.2804652879942501
-0.11481614019517257
0.03553228371920866
0.5205870602084504
-0.24670920022860268
-0.7607525288124765
0.8941807016744716
-0.08421043700921768
0.553480719345804
0.4570410440159306
0.18356405731119205
0.5156227943342857
-0.6014834133162622
0.5415461215193058
-0.905958982013628
-0.8853684271419626
-0.6765540684675623
0.05908158347411326
0.07509651409872509
-0.9899891026244888
-0.22095356247024203
0.04717209224738788
0.7226297422134078
-0.6834633504744345
0.4057109684131624
0.0049011537068830435
0.08608794451517547
0.08430049872759893
0.030666410680497858
-0.36421847382959965
-0.5321499064166391
-0.8040810033760167
0.4423594726883112
-0.3436349649538614
-0.09377254315733435
0.7614527428385578
0.6078754087695877
0.4808935278081121
-0.884939752357008
-0.8606761643739815
-0.811024241920016
0.10632011933515383
0.9275566484031241
0.4440573614362047
-0.6301693713314679
0.03424380730039363
-0.6504316165406949
0.7907216692406567
0.8817654229608444
0.7459989306461557
0.10424128983532277
0.4263133844747026
0.06077511730206992
0.6412929980896325
-0.11404897829770855
0.8876465797846729
-0.98720328118796
0.9915609221275792
-0.47710540084632086
0.9386149915760348
-0.38113524019404177
-0.44358389047010943
0.09858453512371029
0.8869623875045515
-0.4842274260511665
0.37135593543230466
-0.02140098853023446
-0.44567498021414864
-0.9234845713870783
0.8463313672958758
-0.7852449486773236
0.5262684384144767
-0.738449207202444
-0.5004743706108173
-0.6920531376316388
-0.6615281279534251
0.06034777421824193
-0.28067866988478496
-0.8736625763083863
-9.959148423680194E-4
0.9926387208906086
-0.10691270765973056
-0.19296552126856684
-0.7064291689354921
0.3490196251252088
0.6285691237378186
0.6923908453993923
-0.367999594864676
0.7927427648129187
0.30378496891083784
-0.4184203519824598
-0.2646132294836797
0.2999923380355393
-0.7787771038479642
0.32211798468101654
-0.04995214726428449
0.060734705110457844
0.7244223374937496
0.5901148139063468
0.38501944626068507
-0.8052058057897271
0.2464992238545928
-0.2204153943281783
0.20907431510834484
-0.9827350439108122
0.3707543503035816
-0.13852659214852106
-0.11592411525819424
0.8714954216533543
-0.7705701914351344
-0.29482098685741454
0.6344559426286756
-0.5590582523688264
-0.1263215082420881
-1.0402945894323496
-0.012464558167303186
0.1037469268353664
-0.6448133202509887
0.7398802610657578
0.21027614691489296
-0.10443380601797236
-0.18243982906475575
-0.553989612096627
-0.5678849879680136
0.24314790847069284
-0.24132956239129782
-0.6231852944442027
-0.38089001782118814
0.09610722144688619
0.21999179481467737
0.42163826721758046
-0.07933381939933776
-0.42536799294477484
0.6571287774851732
-0.7196934172675125
0.48875056180361637
-1.1369302210542787
0.8678011639502891
-0.4344203929958205
-0.8750464338682291
0.7282785608286729
0.08771266302707345
0.8544841870217252
0.22041275748582412
0.14190249019163567
-0.14222396507276636
-0.3173731193708429
-1.3492137791375156
-0.5820614520498513
-0.4349259739936906
-0.11581730410592872
0.3411756895166718
0.7656627708551466
-0.3102619304576526
0.9123462387883294
-0.012406889458406935
-0.8959198933206483
-0.05967506054647585
0.7554593327734185
0.3527723364372827
0.17534367534855572
-0.8549124336575044
-0.1096521466815884
0.6472077690759679
-0.3427716557895781
-0.43056072758509045
0.13405222925991728
0.5703280558399111
-0.5434922081267125
0.04692356041795638
-0.4640118683150591
0.8327104830201795
-0.667133042325493
-0.38274778347406757
-0.6647788067022662
-0.48552278894969614
0.42168553250892704
-0.16804165758746237
-0.0648026168751551
-0.9202017701331752
0.8348471419971519
0.4788612238505847
-0.17125164160164968
-0.9447754306783924
0.903789378407252
0.02833307805386709
1.0010371430117084
-0.09313090560189635
-1.3526215008058906
0.030353751006387746
-0.3720784884253447
-0.6839072631172459
-0.6434308401627284
0.7109384438669047
0.32983105202296603
0.4505000009729083
0.0614231859001677
0.8578751224436473
-0.6287352048982169
0.20059005503403726
0.6214072623521283
0.6919843733797845
-0.09166526543391389
0.5330575342756536
0.9535057769891458
0.6740014178650555
-0.32150945126448627
0.42876751000218205
-0.5881869799216798
0.3521517259560682
-0.8518190071627909
-0.10389007669456063
-0.047031424473177055
0.9876860962289808
-0.7900123509880124
-0.021056225241734287
0.35626660246741754
-0.0315940622125821
-0.824268737515711
-0.12391540278668496
1.310956102496287
-0.5112957262378011
-0.0648731499171315
0.39518925408501404
-0.7562696026913682
0.3338669012294187
0.8136300514734247
0.2329832469031003
-0.7944368268955462
-0.05582346942910966
-0.7904590084415624
-0.7000238796718738
0.2297723558955637
0.7725817635986313
0.7873883644978283
-0.21102583373985367
0.6867742715671737
0.5125657169079749
-0.8829399083599057
0.7780859935518791
0.6052628799966334
0.5037810616136328
-0.9399825987097987
-0.07978199228641236
0.846284162120152
-0.839918604287551
-0.4632786381051719
0.7904841447554576
-0.8548007288103995
0.29047861105102335
-0.42204808360025686
0.5940479720413717
0.30542412441638506
0.8671447547551036
0.5513287922961805
-0.4360413328827045
-0.5484628964893865
0.9207221626432845
0.012817681069842544
0.7264636339371964
0.2925466278826307
-0.11956319278222019
-0.6537265019677965
0.5865145703364802
0.1331755597222414
0.5173404757207175
0.6941755298455934
-0.037453764825872427
0.37979765561805795
0.2978557699368778
-0.6706950437646086
-0.3054103354236458
0.26532302982242295
0.8493770431943445
0.3871687848963783
0.0015160360901801395
0.13367790298919066
-0.41430770994618804
0.7431340261294863
-0.29783704828809393
-0.9057666079903745
0.8421844292960321
0.03954582633798894
0.011621598934164389
0.13374569843204104
-0.48332828195661487
-0.8632842651709194
0.7799061194906455
-0.25656610262474644
0.5699939350325719
-0.5497701093624316
0.5008771572144495
0.8162505646714535
-0.30481123418934974
0.5586516029276805
-0.12119782788835973
0.0380231501597602
1.0543572695645607
0.7382250194141431
0.5044235578909424
-0.5716581633976198
0.9285511661278727
0.5737843551409045
-0.4036807753774171
0.649519747077809
0.9546306706223854
0.7569266960656369
-0.8098981006529297
-0.1710450247650991
-0.35997024878807493
0.8663622517306355
-0.044972952117464216
-0.9254381557446901
0.5453437531347896
0.31668744166633905
0.8727173001622873
-0.35237941001480655
-0.45631674845468523
0.06499641891824931
0.5919197733584104
-0.13288307819206874
0.8715864373048757
-0.3633505591742602
-0.7758639706220363
0.903725090389828
-0.5428275954530827
0.9554623071372619
-0.17669590735302287
0.39615668147414357
-0.726303483151079
0.1966547492686914
-0.793848033247126
-0.2946128992691562
0.3791221073867408
-0.9348617992708306
-0.4538767065721635
-0.2127926252044903
-0.5343307037477195
0.5644205560409048
-0.6986284087285416
-0.004028471797678195
0.9073752248887914
0.8410728315835168
0.54028844165057
-0.25695593454765703
0.47680513198379204
0.3744792275444107
0.311098839865401
1.0940354341133387
-0.656702608521022
-0.0927566336882783
-0.21091264664313783
1.0879455234680213
-0.5474162964486443
-0.40182530290285345
-0.1602163673262263
-0.0578061009161295
0.3563587615516106
0.08014815127223221
0.913929364729942
-0.32578488871064937
-0.35414678105900677
0.4845105256877011
-0.9594203324754531
0.5872382600749694
0.5358274980172311
0.36861610257300526
-0.32256150888182267
0.7307180793153806
0.9262675127076369
0.6641781199673424
-0.8888903410923733
-0.9318341332352831
-0.09309485732779768
-0.6354394512621717
-0.32034851018770577
0.7386313023617505
0.6983691303699349
0.8861930724795608
0.6588154889933896
0.5551074383135726
0.7446605700963477
-0.1632412680920287
-0.5148145441196675
1.0796460438923479
-0.4340983917192473
0.42457229840860555
-0.5031267846689873
0.4132285041253246
-0.7656031700890414
-0.7785476007756738
-0.8062641028688542
-0.7946269048344627
0.8311264222802671
-0.022663044575045612
-0.0031287594737584323
-0.9190714769751317
0.3366256755202677
0.2817565260062562
0.5874213207678807
0.17668725848377928
-0.22083145514185665
-0.49175372688296015
-1.0701976825446793
-0.9909404511974593
-0.7417989437177182
-0.5283879029875784
0.03708600068117614
0.7654856935485689
0.22611857823439996
0.2155218017508084
-0.3470230831270572
-0.9278101168558051
0.5559296514208971
-0.789861493941479
-0.4739158275594736
0.1868918231755245
0.6895728292194546
0.21834192219431403
-0.18678030543737967
0.7281688902060508
0.89376126318739
0.007694022992197435
0.770287767763294
-0.9131540013842803
-0.21779094608159336
0.11698410678054542
-0.3322359590352644
-0.46340787630967
-0.15472800644818863
-0.4222589526128291
0.2775772013145029
-0.7809219897622427
-0.29525424536828987
0.05923272648147319
-1.0016309146320568
0.979150748567277
0.30872318564853485
-0.6826331867720612
-0.6729168101496958
0.09418861197810996
-0.015850400319307623
-0.9858794849170669
0.8639164417226165
0.009446240374127834
0.4586829951491424
-0.29915397587179643
-0.5935413966155029
-0.22270530162865293
0.9504208958164985
-0.005144978616070475
-0.5852126004876954
0.23880097174570017
-0.12145403849372541
0.23441915139995345
0.8154384405822936
-0.876855251079
0.6987809119742582
1.0690377936315039
0.16043989055853553
0.07868317353943642
0.36805061200964095
-0.9663437033796312
0.4304841803003757
-0.4240008743036465
-0.34795289914849664
-0.13712522439739508
0.04413951209646816
-0.22336784574943983
0.7263354650296965
0.5100959178319906
-0.9581805708048188
-0.8154709335531781
0.7440739720770322
-0.29931108439655935
0.8060072054150603
-0.18502337716936612
-0.9616030044449603
0.7445403645203561
0.38158251405163834
-0.2195042725024084
-0.7755305062496948
-0.25961649921039365
-0.4808776295423669
0.6466912588962013
-0.6175464891990715
0.1887461473721495
-0.006385147648523994
-0.47290926001165057
0.5305135952936132
0.2643963039387924
0.203837788276441
-0.748656697557999
-0.666070802905651
0.09358529673267402
0.6709909784423849
-0.39673723996395704
-0.5920671674791217
-0.579026239924034
-0.16052197186664718
0.6951663098462846
0.41107340024789574
-0.8895214130315454
-0.09938884639564245
0.40992870985093594
0.47703090429261397
0.09671812043540222
0.9103930346667045
-0.30180488181551035
0.7400066057383338
-0.7179654178099033
1.0145087235529422
0.23726384044626636
0.7012200539433354
-0.006772522071911293
-0.08074686547019722
-0.5050648291140738
-0.3323986076247091
0.43073337374048076
0.850196665181554
0.07519488193604708
-0.7089942109712514
-0.8632878743107355
0.3152883640442366
0.2705170361588269
-0.1273432525190612
-0.40646493287322283
0.2302313155585387
0.36967305678793005
-0.6602207069741494
0.2496112790480571
-0.12760392318932234
-0.4830102680581204
-0.16785263332731
0.7182379559089844
0.15067347757858465
-0.5202127361926593
0.3089163119138516
-0.516322779286752
0.43030121980088676
0.5306844142342333
-0.7204451384104106
0.659748786648489
0.7947656873599963
-0.9628156566207864
0.004777935116769383
-0.17787235056127743
0.9596705065637758
-0.02576149758148069
1.0794223644731349
0.24634083417172087
-0.6082869016473211
-0.7531043555260486
0.14501515214105257
0.06136904310466974
0.9269248236034804
-0.9354429794782807
-0.1279818177778571
-0.6090313091012141
-0.23035114115518862
0.8450606117134464
0.7174633731595174
0.25641935308529706
0.08561640105374535
0.22149644066759425
-0.3553797525607678
0.9084161857432471
0.8756332110503688
0.6074982764136
0.28415973740754774
0.8137702564954428
-0.8796842255200142
-0.3081002060016782
-0.3872449970578287
-0.3004848090072076
-0.6387906188537021
-0.6535196930752367
-0.30258832552489684
0.3944545445406912
-0.5801295797245452
-0.012922557705980628
1.0790106140932139
-0.4002648048182667
-0.5004984856676182
-0.39302188769713947
-0.9316313581811909
-0.3066819128938378
0.7228232621384727
0.6230860281907625
-0.5311224767814562
0.15772705324617542
-0.9193818871272827
0.4151603342573622
-0.5976653989669837
-0.10118095559460641
-0.4211818744165291
-0.2824707964243973
0.6492513706480694
0.6073339647892673
0.23430573581758
0.6583527248202764
0.014165580537727207
0.653775174882901
-0.7786264950626863
0.8486766004451542
-0.7862126592280437
0.7081929312813047
0.5651532123633954
-0.06158482141040432
-0.8279440947052036
-0.5011625612230997
0.6450665834583198
-0.007026727167122306
0.6844916541133862
0.18162474656641386
-0.942825139898579
-0.3329645241177015
0.775106447563039
0.11374097401445381
0.9540885099612979
0.3278930280542392
-0.40699935456610015
-0.4867402500369298
-0.856960464005607
-0.07026736561430363
-0.7276203471628487
-0.5881109289969322
-1.0500149095764733
0.39535047471759155
-0.35003163514717284
0.3233261728395005
-0.031538790499893596
0.5384116684780585
0.7440884271249939
0.552897903757309
-0.9946962084547438
0.86275744698622
-0.9000212004252747
0.8265514093985951
0.9675568862896019
-0.7395354249610044
-0.771003542185937
0.48002696792549104
0.9891570286010185
0.5376091091549855
-0.27281096109539993
0.19251917601943175
-0.0345378763502188
-0.2170899161866828
-1.104298957808117
0.4486249374091546
0.13910315555972913
0.9786270286727056
0.8665072050926346
0.3492933792806543
0.07070805842177798
0.25619628254075777
-0.5957168478847193
0.6031742211244813
-0.08212966077637673
-0.877654413158427
0.9783213898723215
0.18247616135123207
0.5868119269816929
-0.2282515958745345
-0.5774708497659247
0.7072792084802242
0.03284670894901605
-0.4282810360094415
0.497431847146442
-0.8060911464170795
-0.3112311016925966
0.5354523356767429
-0.01579306909671341
0.2435633540815788
0.8087314759632611
0.3222500345488
-0.822108313274062
0.9092958745254867
0.31608777589055487
-0.9619927784974323
0.185143519838917
0.641217721225769
-0.6959213102619879
0.23222466868093292
0.4168924431879588
-0.6809122589372181
-0.11588238314732179
0.15618408420576316
-0.18926296407083204
0.5136602337511542
-0.6540166600870753
-0.43098693251749665
-0.462168471380646
0.08360784106891342
0.9901763773444054
-0.06968757158739547
0.45349262095984444
0.47283761985055434
-0.527764016941393
-0.6518047803689366
-0.0056373127797448505
-0.8691050397364155
-0.25735456556379344
-0.4801950073723659
0.8463893706717488
-0.3754105995333128
0.4584293849513206
0.954162243113688
-0.20583966436426673
-0.6164321006997819
-0.989686710035814
0.32671717962878205
0.7092531530291061
-0.06773547777257478
0.38789412875699275
-0.6669347690185415
-0.7835755761314136
-0.030698877204259567
0.6928086748377993
0.06105447055296155
0.1976450498553283
-0.9098882133961173
0.33509049512525546
-0.32497663696144075
0.9556540923530505
-0.3697736285437183
-0.3727445869121509
-0.581023966337345
-0.9708695596155179
-0.8115976362455215
0.5930029008063019
-0.6941647647226177
-0.9006569244993853
0.07364328922596103
-0.8504473777011626
-0.3397780547607057
-0.09345156315758767
0.3610307287900065
0.43602718908994986
-0.5489126639518414
0.33746146909474517
-0.528399794659639
0.2700066380616603
-1.3321827877556063
0.05108984677674662
-0.5602586897665789
-0.4628009355584724
-0.7379004282616052
-0.2931759975796271
-0.16223907358220657
0.7743077100819149
-0.4954496140607849
0.8118621945930881
-0.6869051245645326
-0.7325641170721106
-0.18740462900602137
-0.697675547136678
-0.6212096192076857
0.3493696362402953
-0.2416785278913406
-0.270189604491907
-0.18566870885657719
0.17438123085117607
-0.23609604531460976
0.006281012726617104
-0.741908134751891
-0.6413456766306685
-0.35831526375964873
0.6460779302018435
-0.07426268885561027
-0.3775058151763844
0.44291122409646205
0.41617460329676326
0.7434966050674423
-0.8402307350264235
-1.027204661588419
-0.48674071361490767
1.030345682292141
-0.22134640061352906
-0.38681722210320707
-0.7886346713786263
0.6944486306289073
1.349721908355512E-4
-0.02586124972749729
0.5996017995903847
-0.3445214230790463
0.42939734041842514
-0.9100514726963509
-0.635776032516431
-0.09478481026927121
0.6148162739970584
0.7941532527013796
-0.2460615672646631
0.4625497016789533
-0.08658836491702843
-0.7654075879441353
-0.15181515444573385
-0.1870981645042598
0.7263794692615398
-0.07972077547547854
0.6358890607444486
-0.1792426795301006
0.24748689047829803
0.20707136163398907
-0.279561773119005
-0.14734013915565985
-0.19174155138743482
0.2835002067459886
0.26300626715174213
-0.7684884455599843
0.9226323773353935
0.08757288145743293
0.6070866011493747
0.9341503881943758
-0.12272617034114187
0.45528194558841717
0.12363732170241913
0.18126688231051422
0.06874921952317392
0.6922911079673475
0.6628860054322276
-0.624639817859747
0.10679507660140079
0.770068457440917
0.7642006580218426
-0.6470723868634429
0.5473321196683413
1.0206790431542567
-0.6173819811599724
-0.7770732925236086
-0.8483308125419108
-0.5242044294940289
-0.06183357099997423
-0.19650127597180084
-0.4620791361229043
0.5828886882869879
-0.13928506665726662
-0.34463739860894
-0.3324727171885357
-0.6081542812709857
0.5468585335378072
-0.7002830914971616
0.18424107790169236
0.8771042329200677
-0.18061927676821488
-0.7225428740590585
0.6099055222628751
-0.07489580676101465
0.030053792977407102
-0.7292993792760913
0.28205235516110816
-0.7662740561067369
0.4876575964593757
-0.7447454682308852
-0.05283392727752022
0.601783989383036
0.06704245585641111
0.43880499500726483
-0.4241882112021368
0.45927770202878343
0.2229560496209721
0.834461467456421
0.6990099198686487
0.3876136261185992
-0.32953332123706963
0.2308995938862854
-0.5676370018972774
0.7242311943764705
-0.06496692197262596
0.7554645788416854
-0.7433987749078257
0.002445802538195322
-0.46244429873835236
0.4090120980883914
0.22883272355449807
-0.755810837772611
0.23034284364350666
0.6700322151041156
0.4848890280728976
0.15520636166913684
-0.13660802262946736
0.7642830776437362
0.05926960712554441
-0.038915031130893674
0.6589812002797151
0.12180110196315
0.6585799266957979
0.42563947162215093
-0.07051275232190624
0.34005329253689914
-0.9562658953757971
0.8430130734207144
-0.5814773333539968
-0.8997128589479377
-0.043595774736158034
-0.21548548262530076
0.28427239866287674
-0.8037006338618304
0.5939027496729188
0.16092316744472765
0.3995730491945244
-0.7649748718447307
-0.48756225791502855
0.8172436518676414
-0.27276293712320376
0.35678466432772554
-0.25245146053282547
0.896234312729166
-0.7802008572130223
0.143605319473183
-0.10715675189600625
0.6266304013973877
0.9186528325320918
0.846464453012755
0.7182931571522849
0.7592239984347038
-0.4199591085524488
0.004975572463641528
0.935275849261249
0.6297229042625064
-0.1756074285721856
0.5715110932127081
-0.4147538112753971
-0.816603852231742
-0.21146546829316554
0.07586366046598209
-0.3689315873812723
-0.5121535625192406
0.647381575605411
-0.46747506214499424
0.6021746076799601
-0.29453235009058115
0.7123759895031324
0.8114440583655764
0.752267515173985
-0.7057519386967748
-0.3120501393203997
-0.9930552232027154
0.8802818271879569
-0.27379564342429136
-0.21430474906767105
0.42764127573763977
-0.2520468837337687
-0.8904779197781542
0.3250115745302458
0.7826127957406928
1.1126367140935445
0.8285562521820784
-0.18028072985074498
0.24314531159485814
0.022949473915139632
-0.07952361387764961
-0.7106999838692161
0.7493624065659994
-0.6863866595419564
0.08659896408413914
0.47202816609364645
0.23197776860703895
0.23821549980100612
0.7613250814328807
0.14132156867485932
0.9411729432026643
-0.9415194063198011
0.7388607103739955
-0.7940186391460132
0.7802902312383468
-0.8919350203154828
0.04150370826693285
0.6406796385018394
-0.020048952291820844
-0.4169179036797111
0.1400514489087011
0.8355551807688888
0.633312152679699
0.4879003382327546
0.5916730780740022
-0.6818477467341862
-0.7773854528285196
-0.6607408504117723
-0.5760958770552758
0.23535164502401298
-0.7765031729004839
0.652132379103034
-0.9733439810095911
-0.7658588770012809
0.35795378354517743
0.41019733393760627
0.3866448868469077
0.4911619326180146
-0.8191585480457331
-0.4619276291360962
-0.976633134564463
0.057690925038072174
0.4374227669655324
-0.4462257075844307
0.3822971659615319
-0.6968301072671111
-0.38483359366860276
0.6097821557130736
-0.4387858105542437
-0.7764137588007444
-0.20601719832975976
0.6145498082958438
0.416194842704186
0.7455402445231618
0.12587049686225504
-0.5229320508791155
-0.23123821456157675
-0.2595993179204173
0.1151204942109259
-0.7770313740507419
-0.47356256977551203
0.862521807797789
-0.04377111286067833
-0.5070064173422844
0.06284145914969154
0.16776548002795022
0.145160807491284
0.502698140329099
-1.183908289434538
-0.4147660859028756
-0.6056882787555715
-0.0628721208081478
0.35595202621748623
0.47414563966688944
0.22741704806784557
0.8424076025308938
-0.9565816092146582
1.0821446878472532
0.2638726583248731
0.7380015691406867
-1.129306534070241
0.004972171392126246
0.8233677619977775
-0.4641633080123076
0.8035437822309407
0.6731744649828699
-0.32731069599213836
-0.2616734970127149
-0.09308547326274619
-0.7309280976405942
0.8583985124802844
-1.0224700666583657
0.6644984734963646
0.05897575529469095
-0.9530480311303562
0.6709658862599226
0.3130360985478801
-0.8662778363059442
0.3478375329507209
0.8088580437232823
-1.3668015800214144
0.04469117198470619
0.08644807766880608
0.6159441021282924
-0.7351140860545999
0.6215373911268381
0.5323426407044802
0.35753652710542294
-0.27717388747364763
-0.828153564656069
-0.4323583906362061
-0.34559745462891683
-0.48811114111477594
0.0987645899745243
0.11243133718897398
0.0017032244565342411
-0.5446683777619158
-0.0023134300085574776
0.6948882873155995
0.8160359041699032
0.30553879701833786
0.7673806634516286
-0.08269188203872668
-0.9872040782511503
-0.28896355780692284
0.9055754121896156
-0.983758139492545
0.1975085066823076
0.10538562755736813
0.6251081782419574
0.5654230177903645
-0.8684051110757366
1.464298575838616
0.8464584828324019
0.6024666710597528
0.32521937179486515
0.43414212197559865
0.14236741692951296
0.24192584394292516
0.45721487461994914
-0.5266591191588459
-0.891870645185621
-0.6512120231689111
-0.020575842607448526
-1.18288089669765
0.7708185822673047
-0.6669598662368541
0.9366388619632544
0.08625069878115953
-0.6387483165460708
0.12688521736748792
0.4935762970803256
0.6107781218961127
0.9457000534641323
-0.07899068588143321
-1.0941799618794614
0.9214033814298899
0.9900268973453152
0.042509919170141054
0.8170802932231918
0.3676387069192018
0.14752871942848889
-0.26118415954115165
-0.15760449997167242
0.6859979868572474
0.48239277922324136
0.19865643045374154
0.5228221971763759
0.5111534161162941
-0.7408726092944314
0.8559907399236779
-0.6227101314157779
0.7163391478290178
0.06350174738566725
-0.12499778341079623
-0.20585943714820643
-0.686486932679736
0.04895655514243101
0.6853826936589549
-0.46931643747908275
-0.9266050212167439
-0.6019140590633563
-0.9676087332470757
0.5117867825033862
0.343202489942418
0.9931664138992958
0.5750259155304762
-1.0241930241084676
0.8930304932439683
0.47973951743082344
0.9271307752245797
-8.217611787810708E-4
-0.8484055292814178
0.5027556893905016
-0.0836150434351985
0.438056557749369
0.6387363316430976
0.5729798385121166
-0.05050302256762931
-0.36480146239059297
-1.1151915108380215
-0.6425475874707968
-0.8528897888196718
-0.31169522345947587
-0.704697576848718
0.2192296749690661
-0.2549667516438638
0.9077063436614461
0.43613279614738143
-0.72804885046342
0.2828917253328354
-0.5342707355465803
0.24239111224334428
0.5099864195139205
0.18243151169996974
0.7635501153634785
-0.4584771108681944
0.4683226915361925
0.13687563070821443
1.3717730081856998
0.4800986205230152
0.2102628341747281
-0.011729985417499035
0.22547532290503977
0.5791126008633142
-0.007999206612361753
-0.7019244046403481
0.17478927264286265
0.07892464807668786
-0.015857102482189144
0.5228899546118184
0.45097630694025137
0.8380157702438213
-0.22740084392990748
-0.878308183368637
-0.4738849398698326
-0.7781944783213559
-0.6481880257224065
0.8572417983341896
-0.21081593297140533
-0.02087362652759854
-0.14487357857947666
0.6874797324293547
-0.11353008251768082
-0.4245921459588126
-0.13686849266731116
-0.38830887681656057
-0.8449868945077659
-0.060204111899885254
0.7120037733553443
0.3259621941476849
0.2829495891239199
0.9417274478471682
-0.9877504097840621
0.4965547062584512
-0.2499987785084338
-0.4362318717037293
-0.739747690203366
0.25979360493707787
0.9427579087021097
-0.6712687079959483
0.0651228659756727
0.9891297088144095
-0.4082553884231471
0.5116649100515074
0.009148070053920827
0.678215621763884
-0.18409663204351384
0.31861276346071915
-1.090624653774403
-0.7751578582254022
-0.6848377952594107
0.44920236128986085
0.17891014328230734
-0.2998695167822521
0.43788530504649575
-0.7493223325724229
0.7949560344722084
0.5139035017247724
0.8557538100716777
0.7621162850502484
0.19671544253978543
-0.8262188725787298
-1.2273595783953173
0.005205909701705628
0.21934404511559571
0.6438727091789342
-0.49086696779428035
-0.1877656526666792
-0.7828683618365191
0.19146207471344326
0.3076810815241199
0.6273037956178686
-0.27143521536237525
-0.6622508364838702
0.966333582973037
-0.30510996547222724
0.7652605874708939
0.6138110366776359
0.7568168737797911
0.059522105239296456
-0.8558573888082049
-0.7226433778265378
0.3185363639694015
-0.5258256404191854
-0.12776202525200056
-0.4957276570021693
0.6249446914840413
0.579540558792451
0.8038057200508293
-0.10373176032579301
-0.2916356786767572
-0.39256088831291724
1.0337048376478195
0.72388773756022
-1.3759968840112133
0.09062663922262854
-0.2829414756685755
0.22693238409897004
0.96900439537003
0.5482939464565374
-0.6418843276298671
0.4103692517344369
-0.9776937116850261
0.18934209587115064
0.4919829439365537
-0.9379982062203482
-0.6006402895030533
0.45486663493826274
0.49643279577389127
0.9210463460897786
-0.16406840471141632
0.5651034300320334
0.10459810846510784
0.2551837882211265
0.8904929232852339
0.7398584062704197
0.38459080230011333
-0.8291579259784652
-0.8846756913488769
0.09498259671406649
-0.6592034756819993
-0.4178901119126488
-0.39480596068391705
-0.9281064130549309
-0.04344206696842162
-0.05747691752763776
-0.6950349264453782
-0.5982652499429155
0.9577482189172974
-0.04027132221302284
-0.5707416016416049
0.6555778292979403
0.5883554471937575
-0.5725118656724455
0.2851793623969795
-0.031092538568763484
0.3645677681111444
-0.18499315770666408
0.6462603230888616
1.066869867501519
0.015594103717596848
-0.1625956414213704
-0.21090471296363728
0.10140445125971426
0.005442826788179974
-0.681279895249314
0.8260719526083857
-1.0135698375104314
-0.45567961967967785
0.6043372646342089
-0.22399661600881432
-0.6620128222455423
-0.001971475086778569
0.09498291778299217
0.3301848892756162
0.5649509855555289
-0.19632022318014836
-0.418518224942541
-1.196259483366247
-0.8473310094567346
-0.1732506510473699
0.3772816795452023
0.19229584907499922
0.9161741120465331
-0.3322863660097939
-0.7088947653398359
-0.13539603928869265
-0.0305164458813596
0.7316096209196087
-0.8455827561717517
-0.7796577179505874
-0.33674251230153135
0.781538664877277
0.07858527701188672
-1.0069497007401387
0.934127456377714
0.42417679735803104
-0.15830307633179513
-0.685727454039996
-0.9799972991053645
1.0952419692911062
0.969992092172075
0.38652861312406
0.8661652343822258
0.4484566304404225
0.8427431209859944
-0.5754081085962279
-0.46756552965347575
0.9449079793155603
0.4371537346502745
0.4197285615715701
-0.5499746912505046
0.3816578304840941
-0.054417678777170596
-0.6724669295221615
-0.9775047343641322
0.8160359317743091
0.2531858526706566
0.1214740562998623
-0.2736387184310951
0.4310672253607695
0.2377768251678219
-0.8444350177505769
0.06257446665276772
-0.08576769853912998
0.08795202099926552
-0.45702123986806553
-0.8350772972871476
-0.4800571441004129
-0.16107975547974424
-0.5124586478696331
-0.8223077421256504
0.32015375219992503
0.18003929822502782
0.10147001571611569
-0.9178342533908156
0.03618929963721103
0.6350824361108973
0.37508017481216915
0.9744487328758805
-0.6869145252966623
0.7353467523129225
-0.39416843956921144
-0.3339947949832379
-0.22592228121130284
0.6851555551709358
0.8761487841074314
0.37686200702725886
0.6110922667414804
-0.8333192180378026
-0.6076410500384785
0.9427010863514578
0.4985631343667298
-0.07508985159902543
-0.15431900807058244
-0.7039794908944998
0.5200237416557575
0.33009627159221056
0.7039025489549586
-0.2376957388188138
0.8343252038390198
-0.9072654201643908
-0.1554707110664849
-0.5307740610027272
-1.0452513063162192
-0.3925739876256799
-0.1130629894432309
-0.6904038771323483
-0.9831734963491932
-0.08129839695983043
-0.037273578623438296
-0.39190682430092716
-0.31515704085328305
0.14033355937199013
-0.16047003190975018
0.287787388816683
0.958517990726429
-0.13986478340545178
0.07435053358044481
0.7874485860037951
0.47193530371138737
0.004309144035492653
0.01287627051288618
-0.0365575340781818
-0.2432932813816428
0.17847569536091318
0.879991635527874
-1.035519161489579
-0.8285682366688613
0.2850034448660471
0.3811822823473874
-0.27507697395167247
0.26863254710627105
0.4962990279984854
-0.35211100723688477
-0.11057310683823963
-0.9238434216223216
-0.25175996754638647
-0.531851570297392
0.33480082967095753
0.7348813682127411
0.19875465284886262
-0.5026248215992941
0.6697553334663194
0.00509196742331402
-0.26604099635945233
1.1254566039563736
-0.17209379053318816
-0.6883482218588535
-0.6536810353093947
0.1403286165390277
-0.4927232298418617
-0.09036967955243624
-0.468417850550442
-0.2386198259967211
-0.6311156016246517
0.5212466782038792
-0.1434374455732424
-0.8034967280198827
-0.6594293950211612
0.49798559161318373
-0.12054698865671737
0.016746691537535656
0.4477632969372804
0.7794128739354028
-0.2825233556156817
-0.44686685842502477
-0.08730004981074345
0.22108406455982232
0.7594293406732096
-0.6337468573903093
-0.5781076822816643
0.914732641753691
0.9106081554889129
0.5309448175564886
0.9087685285238783
-0.2419300070750145
-0.9614989003430336
-0.25396492871865417
-0.26817814915477534
0.22439229964318
-0.002573311012350446
-0.8915767121846505
-0.7507286216959767
0.8981712070675378
0.6701367706628796
-0.4467624996754712
1.0430398003793295
-0.6869149292191842
-0.5104760941771169
0.03215537385583072
-0.5369969646351958
0.46430106728094095
-0.9239938987174601
0.096627768245299
-0.3168967434824906
0.3149046166444618
-0.0801766638104999
0.711406171652774
0.42453395413084
0.4656141596091853
0.24685830349422996
0.3472050397229834
-0.8689222262776598
-0.17348566375904229
0.7050055987329704
0.0076795836976188145
-0.4226289277426871
0.8205335512176085
-0.5860245680152405
-1.4840033640087738
-0.4654609623424596
-0.7711165878851365
0.9932211269682745
-0.45098586304850646
0.6017397928891867
0.5785177656188014
-0.4535637008802684
0.05763795002423926
0.8793009082927299
0.517450432226919
-0.9946671222162733
0.0684463003326009
-0.1380061919251963
-0.40320607454314444
0.023057686930771
0.9326129112039265
0.7594165221284401
0.21976534317968835
0.20229036343973045
0.7601710168437792
0.07802685542947253
-0.6740115674096968
-0.7577925626364401
0.06917412545921353
0.5315354936329485
0.6539545826839868
0.21856364024233366
-0.3635870448060897
-0.23438163450502228
0.35178290826920117
-0.31157345515922885
-0.3612097945036551
0.9226366617256285
-0.54135157006107
0.7963045311518457
-0.37403159729097274
-0.9353188138468297
0.19954500670136843
0.008147234252903314
-0.9793210497062562
0.10197251702443094
-0.9860658071762186
0.27870469466502584
0.04677321909215131
0.9993025558892386
-0.877603156665068
-0.5156654404265915
0.034127916162707855
-0.7462830421171198
-0.6065441352008948
-0.711093334898262
0.7223604414166231
-0.5033331130041381
1.0039764853392978
-0.7658221160439358
0.04201092260415712
0.06848212820091158
-0.6175528595880933
-0.5544435065949083
0.049792375528523135
-0.6187879797513399
-0.424325742070679
-0.2529097998717553
-1.1028673617958447
0.8978143551979625
-0.22533045455779585
-0.20399714245984107
-0.20964386884869265
0.1200704723927295
-0.7476355848105971
-0.8468627383090337
-0.7816121517678541
0.37698686118683894
0.005238888487709618
-0.8783554215234848
-0.893743617742636
-0.8185827546469027
0.7569513504871394
-0.7524039273805931
-0.3708606086994912
-0.4330233353109512
-0.1276190475193655
-0.4362732419275677
-0.4550535811149274
0.7397945722220769
-0.6656208416384054
0.3303215517891784
0.11275564299240148
0.2504320354981184
0.46216498983582
0.1047901263495663
0.025333939791132427
-0.4434154633764946
-0.5559963991939086
-0.711751979702375
-0.22685491166756588
0.8235318905333444
-0.12971315684812643
-0.9958407158317784
-0.5569090832493544
0.4538028797649481
-0.9475936267969776
-0.6866010429703391
-0.21939914556213652
1.2808814075942851
0.6298889637467916
0.7010718352268737
-0.6518297541993358
-0.4300237225658929
0.27034078436546555
-0.4217297196743338
-0.16394945675139222
-0.3805152428615742
0.4474813245085776
0.04197599893027825
-0.9193876049532228
-0.8648580632399767
0.2523616869139881
-0.7595420784353393
-0.31861726650802064
0.3297598096040219
0.9043804149553174
-0.839328374194259
0.8779525011259106
0.36234075869988525
0.8108378488761269
-0.7335790143498906
0.02066397493988259
0.036547923765657894
-0.014305543217044062
-0.012337504234611217
0.0692781145954036
-0.35247583164570057
0.9781719160357685
-0.018591952686344383
0.7834843551113461
-0.2747886681917602
0.9246305839951702
-0.4828721282931127
0.16267477617424828
-0.9310406216669909
0.4202063696860531
-0.09678695852108504
-0.2545553448031128
0.16998248856681894
-0.7043502585175131
-0.4723415674660771
0.1277651574473465
-0.5024295049384727
-1.0967225601656936
-0.03545196255631908
0.6533910498625153
0.33587249924232193
0.2600023735959769
0.12845820956293363
-0.6123866478047406
0.7691417761713458
-0.34867441840295726
-0.448318991888192
0.21649757106139866
-0.3779598445266895
0.46584979164907625
-0.04519005864599172
0.22100187770681776
-0.6569412506761244
0.44540003855831034
0.01883442470476836
-0.8131344424681034
-1.1216647913607578
0.2722938556958233
0.816704018980251
-0.5292880309330684
0.29534304153242397
-0.8354573647863001
0.7832360128024509
-0.007118494420184358
0.16896361346950925
0.6501463720504107
-0.7403394448351599
0.8661706269734493
0.3694111455266536
0.6551325057604834
-0.381441208301114
-0.8459856829818977
0.8957737342604285
-0.06951148196483262
0.9973535792444153
0.48574081596939156
-0.8697218224386357
-0.36417178953559376
0.6788343937608792
1.1661079637570637
0.8831792532464902
0.21769001344022218
0.4132320194847201
0.015753932663682583
-0.3171774459915851
-0.41220974014505707
0.4463649774621962
0.7787217206955884
0.4260792925273431
-0.6451677583726042
-0.4050975902247909
-0.8234797031398055
0.636316314665949
-0.328671244223045
0.9532539535368991
0.18491016290981416
0.34712973118278206
0.27257593572113814
0.8256418491993687
-0.8319772932672755
-0.4460053616819196
-0.655665977211836
-0.23498965161501564
0.20897581410607463
0.16928854330216372
0.29070571839584414
0.0015602391495845858
-0.637422406232045
-0.3948807401480048
-0.6759289210596956
0.1794851885842734
-0.3019847880720713
-0.8371891655809092
0.7729311172760831
0.6123996966072269
-0.48846760690031804
-0.328685017521906
0.049553795544466483
-0.37992265184987767
0.723872217631358
-0.43423769574372706
-0.27552615694222016
-0.3990379755408974
0.9642855846579229
-0.8164352074026997
-0.9926912224650196
-0.8165311836994595
0.3439819467001852
-0.42156015821458076
-0.6100706811019735
0.7134976431207647
0.4123955507692508
-0.03726465766257407
0.43143298193186486
0.5202952185989552
-0.85848625411973
0.1641588257578465
-0.21327228745106597
-0.9586238389938637
0.5811161023605693
0.40320628653351376
0.7108009906618723
-0.10643163929859478
-0.5851179575082087
0.8240558635581161
0.39882096412189183
0.7279829911222444
-0.2118943048610432
0.6324245324224308
0.7585854357742468
0.4089810001632522
-0.021507431549049785
1.2711605502325405
-0.1369662653981718
0.8956988837168423
0.76591179712262
0.8816917290879134
0.32820083450805787
-0.1902620751273324
-0.8896632008145442
-0.13409578869305547
-0.03499897044901846
-0.7639570224172565
0.39430073509442815
-0.700638483604819
-0.33387738960900426
0.7846651712319053
-0.1186664797790784
-0.7201539473547888
0.23935972697665187
-0.4980088933464848
-0.5847660442945277
-0.0750954874992466
-0.05999167661287064
-0.5781019746307792
0.06157165811030707
-0.6907556709335958
0.9946215882537341
-0.6321463826208813
-0.3799594692696458
0.353606071091176
-0.16083809401828697
0.5761962038459736
0.7465696873703161
0.5533776641051231
-0.9244239637453461
-0.40831103590716683
-0.0848483465141242
0.3328551765443353
-0.0385576816230274
-0.9651951897477328
-0.4447784908955382
0.08752596491114763
0.021122286964594155
0.5082463797748018
-0.3768019917271084
0.013340674473658491
-0.1030757500937487
0.7292110619037155
0.649362826945635
-0.036464761134916854
0.20143937870158246
-0.9991566591649228
-0.06609048919063673
0.1942512519558847
0.37570373077201735
-0.3244129417607035
0.14502641934787086
-0.9180317767329838
-0.15221065300790776
-0.9597887344968203
-0.5500806937892284
0.36359169628531157
-0.8863914754345976
-0.7946843647989459
0.1781377894516381
-0.6659035987646904
0.42060889507180793
-0.474925437123198
-0.6050719427638267
0.06414008474932054
-0.8147988707963993
0.33760242403103435
-0.4919140694877903
-0.5844625733415622
-0.5270936284075359
0.03979600540215923
0.07010893630858864
-0.9544192702862646
0.4016674900873395
0.7829946507121343
-0.5557258590649585
-0.41990328757976153
0.9433809328785998
0.47894990978349733
0.7444952955536539
-1.7098862129535606
-2.264288068896259
0.679927734470572
1.4770857073812251
0.9548045305958932
1.122037414111851
-1.6822810810134146
-0.47052739155121986
2.33288136576211
0.335861875575795
-0.45063054249131446
-1.1253644476854288
-0.743415149975391
-0.45939483734429315
-0.5196104580378834
-2.0574828122755853
-0.2324867740251875
-0.7477741365240436
-1.0048940086378793
-1.0260059787224831
2.756579913951399
-0.010781375724295997
-2.0264010259266696
0.7726849642325315
-1.3056144891623638
-1.4869711183184655
0.35769233998003575
0.5971179060532017
0.5468265400874956
-0.30122235553994814
-0.009342652910057267
0.7791257758609942
0.2362530685837651
-1.847209422851241
0.06765499945269879
0.26711611930466983
-0.5599782411397372
-1.3401027981993374
0.19197540898415363
-1.1229707514928933
0.6662749306607912
-2.20429374086232
0.1568583747754733
-0.36681820830223777
0.009440395112198276
1.6366566528349102
-0.9834030723156448
0.6130631421223987
-0.8508954557881185
0.3945109630165698
0.7396148977858015
-2.9208619201732424
0.7394478222536678
0.1164333706651736
0.6710839862159311
0.5921870241738573
0.5119442159529912
-0.8541524021537464
-0.9887494687521945
0.6812901415788465
-0.5886791889336661
0.6416866142357531
-0.224766438765656
-0.25855682998165164
-0.4090662083491275
0.03550736093213555
-0.46458080886907194
-0.16703470943077886
0.48475129958615965
-0.5222584910491002
0.32467954072424077
0.03186588586482354
-1.7549544874690624
0.6077634177305333
-0.9253464846026277
1.2681868750305902
0.903769026898246
-1.145931742925733
0.6899731751351686
-0.38024280294209883
-0.9036984448337175
-1.0901980667404034
-1.061058091988096
-0.32427108191173654
0.0689214019180864
-1.1322735973254452
-0.15257268682763672
0.4804472669952803
-0.9944257804602352
-0.3908971999160642
-0.3797878914459505
0.9001622087138956
-0.758813137188818
0.8870636059096582
-0.2240292361279952
0.5505175748568152
0.3666710718382644
-0.0660297355041561
-0.9725050350464721
-0.011226647201339325
-0.26579027862638765
-0.4565516970630508
-0.5920647469370741
-0.3289767283268143
-0.7060345999104969
-0.6039905616618857
0.491199924520282
0.43662724394286395
0.18395247895421346
-0.31564036711361615
0.9408578285805544
0.1903492895076651
0.21882305417739278
0.5334510207989769
0.6698289558017793
-0.6461936277494597
0.24637741022158205
-0.27448439587480467
-0.17930455908938814
0.2116290544324689
-0.7382099651173035
-0.24405265289476066
0.34490994184637114
0.2017885644788267
0.22582942604618333
0.7129896703365518
-0.8462201874382134
0.2710490333465045
0.0010129197867864046
-1.618075553362514
-0.9784151118685355
-0.9230992133235777
-0.13997926567102592
-1.303260994546392
0.606392713154457
0.8099373078651487
-1.1765185770440716
-0.31768360405412416
-1.0161314057856374
-1.0481050288273321
-1.3837315537150578
0.41439828353169256
-0.9519944143277803
0.1266733798094035
1.650826954721417
1.6096962471774936
-1.3126137233291801
-1.450791609861905
-2.194607804385239
-1.9351798608311153
1.6068299155158632
0.5379670440037956
-0.9530129949710053
0.883366019672115
0.8179238654958503
-0.8878304626607112
-0.1358075457544786
0.07266452110874562
0.994255940711657
0.08042103867363819
0.6929587108514191
0.19414880201300305
0.4677669827754365
-0.6381316252056818
0.7590433211515171
-0.29612747073054924
0.5359764163686803
0.6701367811444678
-2.1688761054783274
1.112082524660349
0.5624100114589502
0.23987823923835755
0.22490305037010985
2.111805847912734
0.7650446008403955
-0.7427782806722073
-1.8105554603402734
0.9649368661758527
-0.22268142330165103
1.9571492506188701
0.7286301760542453
-2.416956332123972
0.8455014779044976
-0.6183938653280203
0.2958833451411518
-0.5946621631903783
-0.1001304580873219
-0.31741558500270073
0.9222635667176173
0.3039183175569926
0.5056964510590316
-0.05017648400781316
2.739503897933896
-0.6150536420982339
0.23320779498880242
0.7360125144177961
-0.724596552866257
0.9990152282937343
-0.341553893192071
-3.498573943199308
-0.827206892831723
-0.523462641032208
4.513164088454566
0.25066935118258016
-0.9328373988506915
-4.194027604705554
-0.6036768645151062
-0.3089995812196292
0.6389227513078704
0.5237521568694302
-0.7373715876180924
0.731902899463607
0.41453249914415835
0.5553040721988586
0.3878411687475192
-0.4186656520475907
-0.4198233716495766
3.930993143955368
0.5178790086393581
1.8115507736970675
-2.315498079758101
0.34949584995924005
-4.579176468687629
0.6296578265887529
-0.8805042784463616
-0.021133877277436076
-0.13848634106018295
-1.2722817231073917
0.09099353700685106
-0.04280487949372259
-0.09241500745428387
-1.1295523361513076
-0.03671973259449235
-0.42094231243412
-0.520065667710187
-0.9141577756803867
-0.05041176657773208
0.6897787327412839
0.26368416143473816
0.09178674017568031
-0.08630569039937239
-0.683243711963378
-0.8971508496784644
-0.9424093980730825
-0.47918151931305614
0.19313042669940328
-0.15781222072815318
0.7167795246000982
